"","precipitation","logETP","wet.fraction","corr.PtoET0.3day","corr.PtoET0.5day","corr.PtoET0.7day","corr.PtoET0.30day","burstiness","memory","nstorms","mean.antecedent","mean.duration","mean.depth","mean.intensity.avg","mean.intensity.max","total.diff.max.avg.intensity","mean.diff.max.avg.intensity","pcnt.stormdepth.depth.over.4.5mm","pcnt.stormdepth.depth.over.5mm","pcnt.stormdepth.depth.over.5.5mm","pcnt.stormdepth.depth.over.6mm","pcnt.stormdepth.depth.over.0.25in","pcnt.stormdepth.depth.over.7mm","pcnt.stormdepth.depth.over.10mm","pcnt.stormdepth.depth.over.0.5in","pcnt.stormdepth.depth.over.1in","pcnt.nstorms.depth.over.4.5mm","pcnt.nstorms.depth.over.5mm","pcnt.nstorms.depth.over.5.5mm","pcnt.nstorms.depth.over.6mm","pcnt.nstorms.depth.over.0.25in","pcnt.nstorms.depth.over.7mm","pcnt.nstorms.depth.over.10mm","pcnt.nstorms.depth.over.0.5in","pcnt.nstorms.depth.over.1in","pcnt.wethours.over.4.5mm","pcnt.wethours.over.5mm","pcnt.wethours.over.5.5mm","pcnt.wethours.over.6mm","pcnt.wethours.over.0.25in","pcnt.wethours.over.7mm","pcnt.wethours.over.10mm","pcnt.wethours.over.0.5in","pcnt.wethours.over.1in","pcnt.rain.depth.over.4.5mm","pcnt.rain.depth.over.5mm","pcnt.rain.depth.over.5.5mm","pcnt.rain.depth.over.6mm","pcnt.rain.depth.over.0.25in","pcnt.rain.depth.over.7mm","pcnt.rain.depth.over.10mm","pcnt.rain.depth.over.0.5in","pcnt.rain.depth.over.1in","pcnt.stormdepth.intensity.over.4.5mm","pcnt.stormdepth.intensity.over.5mm","pcnt.stormdepth.intensity.over.5.5mm","pcnt.stormdepth.intensity.over.6mm","pcnt.stormdepth.intensity.over.0.25in","pcnt.stormdepth.intensity.over.7mm","pcnt.stormdepth.intensity.over.10mm","pcnt.stormdepth.intensity.over.0.5in","pcnt.stormdepth.intensity.over.1in","pcnt.nstorms.intensity.over.4.5mm","pcnt.nstorms.intensity.over.5mm","pcnt.nstorms.intensity.over.5.5mm","pcnt.nstorms.intensity.over.6mm","pcnt.nstorms.intensity.over.0.25in","pcnt.nstorms.intensity.over.7mm","pcnt.nstorms.intensity.over.10mm","pcnt.nstorms.intensity.over.0.5in","pcnt.nstorms.intensity.over.1in","pcnt.50.rain.depth","pcnt.60.rain.depth","pcnt.67.rain.depth","pcnt.70.rain.depth","pcnt.75.rain.depth","pcnt.80.rain.depth","pcnt.85.rain.depth","pcnt.90.rain.depth","pcnt.95.rain.depth","pcnt.50.storm.depth","pcnt.60.storm.depth","pcnt.67.storm.depth","pcnt.70.storm.depth","pcnt.75.storm.depth","pcnt.80.storm.depth","pcnt.85.storm.depth","pcnt.90.storm.depth","pcnt.95.storm.depth"
"precipitation",1,-0.89268240225425,0.740482363545343,0.137918088685887,0.169017416843646,0.18826973361443,0.238809905089289,-0.704385787729878,-0.60325725481036,0.899932111336302,-0.89332183520796,0.165111766502418,0.574477413772593,0.313253670004067,0.499675223189192,0.883904165962654,0.553160301833742,0.480313062832943,0.483003993115952,0.507815280735729,0.506692092239299,0.507348316219153,0.507924562115197,0.551368361668171,0.538249098980909,0.519589029282466,0.368319774011767,0.374698445329464,0.401286255254428,0.405760234058475,0.407191894165132,0.412581685900264,0.476836331203198,0.485331121780783,0.498458744000725,0.522496903374282,0.522560644954006,0.5245227443537,0.522816629909783,0.524301099571595,0.522127113689641,0.523927773673799,0.497456117428824,0.274561454631878,0.485128395704648,0.484729407728389,0.486829554104912,0.483510882631784,0.484448462915329,0.482562884928643,0.485214679170026,0.465855603445133,0.270235711831489,0.28604075375407,0.282842650631728,0.281145423781334,0.25581691467906,0.254074403098934,0.24622503941865,0.189857404587727,0.134570369171688,0.0209058205577858,0.223454478939915,0.23113698838609,0.235661292584503,0.219873956174716,0.21990207873007,0.222099459177042,0.186179175395417,0.134291211068918,0.0208489045116855,0.507267408002363,0.499334238189446,0.500304175690321,0.496013413568598,0.488641739875598,0.487152473324765,0.487864639501586,0.48914929820539,0.50112737878265,0.584457010852017,0.586697512468972,0.597949471218488,0.603048327689693,0.613722351887472,0.625805858658809,0.636068670438928,0.65821759037009,0.688603351488769
"logETP",-0.89268240225425,1,-0.784904362147663,-0.117625835202629,-0.153778039472668,-0.173862322661038,-0.234210020988333,0.762302967749553,0.629996871739799,-0.851846252232978,0.850630302724953,-0.259936038869723,-0.476532764187818,-0.165739209174447,-0.319052035803288,-0.729510576765046,-0.375085639029507,-0.415773887044067,-0.418633955520139,-0.440483043246579,-0.435253744352901,-0.434585652135862,-0.42899449701865,-0.4643891228756,-0.443152637098166,-0.41536213087,-0.343929830457408,-0.350954642427738,-0.375715080614429,-0.375017811054149,-0.374215595646146,-0.371809483201159,-0.423505866267712,-0.420838253922059,-0.41306853917582,-0.350252535100801,-0.351017394434048,-0.353278656304188,-0.34956466447559,-0.35260427688367,-0.351460480118018,-0.364918749340651,-0.340367801176231,-0.188631078394558,-0.309743050661235,-0.310534313787108,-0.313740349938118,-0.310036499133699,-0.31304692842571,-0.313775220843032,-0.331953400866385,-0.315085964686743,-0.188217219781121,-0.188403144100317,-0.190375515814689,-0.201418189247653,-0.180608048965669,-0.186347850010996,-0.192531563603956,-0.172586843815932,-0.114471032700263,0.00748319558380334,-0.14111585577247,-0.153080317054736,-0.167028871517384,-0.154769691915158,-0.160578064171039,-0.173788993897345,-0.169259052506597,-0.114502277044328,0.00751203337169918,-0.326776587060211,-0.318964533843314,-0.320514349376774,-0.317495045460144,-0.311488600073123,-0.308961176089942,-0.312373774379348,-0.3181157311556,-0.337945639750003,-0.482001179561914,-0.480686799388332,-0.485205838758997,-0.4875690757014,-0.499116368473453,-0.509031513441765,-0.522442784655324,-0.545986868175641,-0.576822693617566
"wet.fraction",0.740482363545343,-0.784904362147663,1,0.0858950689200769,0.116311714161459,0.132228082526083,0.17255958452672,-0.728297110651266,-0.669251337772158,0.750642342634309,-0.765760186238942,0.532721184952389,0.264153081557267,-0.200634012405671,-0.0576104353129375,0.466434296275514,0.0400941274240865,0.213307602330441,0.212323375743709,0.223288064693148,0.218154448303365,0.215734668025323,0.213332418964343,0.248328384473487,0.234284900103721,0.242832167569635,0.182414174273771,0.180424128867913,0.184262432661848,0.177220143127002,0.172391641385496,0.170811413853764,0.210340609068014,0.203828803294157,0.219932421923552,-0.0707682264922793,-0.0639914602235539,-0.0568263395702084,-0.0531155795208108,-0.0454429601694693,-0.0400959714621762,0.00896410664700084,0.00245175689468585,-0.00168785568848841,-0.0788467428919899,-0.0705463894571331,-0.0606476562757655,-0.0565087752152187,-0.0489610494603677,-0.0407180283400698,0.0132999084720148,0.0122503768829508,0.00504776828973621,-0.0753300618530768,-0.0361751798399805,0.00348732402871557,0.0106355193747608,0.0249099765401891,0.057964936816327,0.0992873441255339,0.062286995996926,-0.0249037534465978,-0.0494651503170467,-0.0091641100614523,0.0267947228324527,0.0341536700751761,0.0437940543710495,0.0709392884099284,0.100151922784123,0.0627486748776442,-0.0250477242954542,-0.0920216165690144,-0.0925629253685129,-0.0831067590009966,-0.0830914107775346,-0.0825116035123672,-0.073902229786936,-0.0571881389831708,-0.035252564715824,0.0118971951284764,0.299675781846527,0.308907520293082,0.313533872159144,0.3178592682956,0.337427843265137,0.354879035841876,0.371546210483575,0.39453097622571,0.423628298615322
"corr.PtoET0.3day",0.137918088685887,-0.117625835202629,0.0858950689200769,1,0.991253100692026,0.979132799901603,0.914081736772672,-0.282444672316231,-0.162157913707176,0.217824148795019,-0.177585982291578,-0.37679220969997,-0.179613488041218,0.210849465219078,0.194692308331348,0.269897759113334,0.185851244538252,-0.18610889695974,-0.189720238953948,-0.182741514335994,-0.177372691800349,-0.180051012729365,-0.182311166696407,-0.163713672423563,-0.176842232810753,-0.148335142199693,-0.159396361933118,-0.166290129245936,-0.166245754919715,-0.159894898314542,-0.163061192507255,-0.168360969384656,-0.157531295015029,-0.178566432434505,-0.156849052511336,0.19375557304221,0.202088112263681,0.210330590772902,0.216607034675627,0.222615990070693,0.229190423873204,0.231212734022959,0.221230286127568,0.0857610624529497,0.247271067924692,0.25119002644557,0.255472612376242,0.25680449571678,0.260117431144789,0.259280240738418,0.241699617496643,0.223384842035681,0.0848282496316748,0.230940537970962,0.192606641713691,0.155032195491862,0.1287606101828,0.114272340052536,0.0883226897828978,0.021498079400448,0.0287637666347633,0.00683601796058564,0.13888487503248,0.116311649005276,0.0908653784495794,0.0737811109606048,0.0586763364492681,0.0480808432026955,0.00984416170292329,0.0247933253514511,0.00658325080543545,0.183057956207113,0.204331277755445,0.217652465589271,0.22359471755977,0.231881738079229,0.242014575131113,0.247625125523057,0.251433715980844,0.253595484248309,-0.141790148603752,-0.145624897424505,-0.130060401044683,-0.125924815533141,-0.120141309209938,-0.1011289051519,-0.0900838004678427,-0.0826948811998648,-0.0744980839395798
"corr.PtoET0.5day",0.169017416843646,-0.153778039472668,0.116311714161459,0.991253100692026,1,0.99633594095394,0.943838322077854,-0.310927183673167,-0.178282427760764,0.246156066914465,-0.205566643902243,-0.355507901431675,-0.150050027579441,0.215927443027917,0.214223558913756,0.302025341298264,0.21122642799709,-0.155281957738685,-0.158661036954221,-0.152694928111111,-0.148614445921476,-0.15167933190447,-0.154105096789239,-0.135202468893116,-0.149872953476147,-0.121764175278341,-0.129564243470275,-0.135713864482417,-0.137040273191342,-0.132088692850302,-0.135566591375687,-0.140646028607095,-0.128111495650825,-0.150069942295448,-0.127726417428998,0.212855871053217,0.220574122055578,0.229378336789277,0.234981674714093,0.241197907682285,0.247668191779217,0.253225425718438,0.243227748946211,0.0882730671784873,0.264437723922587,0.267892716014581,0.2729747423875,0.273759364352028,0.277310922934538,0.276775735124092,0.263363585761058,0.244767887237103,0.0875531748725169,0.240304943135808,0.200131234386324,0.162693860085484,0.133443979795387,0.119325478410812,0.0933462024305958,0.0215084748860009,0.0264971806174663,0.000940551113552066,0.145102988481055,0.121560362034116,0.0969902490242719,0.076703337837097,0.0622246782630594,0.0520617229590085,0.00941886955754144,0.0224735296968866,0.000685643405254195,0.203109148321681,0.224545083758557,0.237909285598648,0.24346017917398,0.251004472570054,0.260781929460742,0.265711730647692,0.269230091047922,0.273876127585586,-0.111891755746913,-0.117142907043483,-0.10118717336424,-0.0974936033645776,-0.0926295360181256,-0.074012297722153,-0.0628599675996776,-0.0555727253738423,-0.0468401996286846
"corr.PtoET0.7day",0.18826973361443,-0.173862322661038,0.132228082526083,0.979132799901603,0.99633594095394,1,0.959605899355794,-0.325207572967882,-0.184661733234397,0.261999652930831,-0.221289216043803,-0.343428173725452,-0.130148615160694,0.220474394671238,0.2270405426683,0.32195766503048,0.227723669169501,-0.136344962381948,-0.139682134354131,-0.133622414719558,-0.12998729690317,-0.133482183582312,-0.13600998401076,-0.11612591686187,-0.130889532224339,-0.104449738126415,-0.113043968948255,-0.118922564548569,-0.119964167520876,-0.115517079718131,-0.119506964579329,-0.124443022195153,-0.110141745592811,-0.13136055445762,-0.109289946686775,0.225503794860931,0.232924132475584,0.2418353801431,0.247185470954701,0.253488585292677,0.260157594576613,0.268190425773015,0.257893270083354,0.0915163390309094,0.275919384005297,0.279194572858553,0.284572273171414,0.285205783465724,0.288828627221649,0.288752486086574,0.277972886901047,0.258806773721629,0.0907180683490575,0.24666405022158,0.20540452990276,0.168249664475592,0.137313795711486,0.122819156227757,0.0974746675437226,0.0225003970002355,0.0236113749343124,-0.00330972184550886,0.149087667845814,0.124858670326551,0.100761240476655,0.0791441956462679,0.0646473961333229,0.0552455027754468,0.0104885582381644,0.0196714530754767,-0.00356564147811759,0.215807799292566,0.237294871035827,0.250747815592999,0.256123105541963,0.263315383415776,0.272996487151581,0.277575964242505,0.281440761519492,0.287560842853071,-0.0914462537827505,-0.097715701714125,-0.0821601645602068,-0.0787046713373079,-0.0744543300102511,-0.0563642831739631,-0.0453381254590735,-0.0383906052383143,-0.0288694232094459
"corr.PtoET0.30day",0.238809905089289,-0.234210020988333,0.17255958452672,0.914081736772672,0.943838322077854,0.959605899355794,1,-0.359496816075748,-0.200847946392709,0.293654880280559,-0.254268165244628,-0.295023924457664,-0.0643486621091399,0.23112761197862,0.259190500563391,0.368022082838973,0.269670839683323,-0.0721785281255797,-0.0750244277276112,-0.0653273103838753,-0.0625390250397265,-0.0687645049697343,-0.0721875538801819,-0.0517109731687898,-0.0672475509711686,-0.0512167759933384,-0.0592367754276205,-0.0629737470767367,-0.0587468659583447,-0.0549759488646765,-0.0613950612939535,-0.0657917806043933,-0.0494254788409,-0.0670650277460393,-0.0480465374674034,0.254232701820875,0.262024379070706,0.271524862729594,0.27617645359469,0.282662199361002,0.29000710395713,0.302907615561968,0.288973893956941,0.0999490167053429,0.300848854785754,0.304310189642136,0.310837687001377,0.311036166565622,0.315039154446289,0.316318878948285,0.311807417586445,0.289834099932991,0.0994617931119768,0.258674639705639,0.221104775308419,0.188214774456702,0.152053118768521,0.13728590465522,0.115224123032709,0.0354913382135302,0.0228222709334683,-0.0182792653070661,0.158704348686146,0.137093468128641,0.117212624098923,0.0899751558850994,0.0776530336098633,0.070946764572539,0.0241630593507658,0.019678056433458,-0.0185331615154293,0.245858847312401,0.267421489472254,0.279654339738496,0.284725082714782,0.290600702178738,0.300204095069273,0.305884645112262,0.310640096001949,0.319845603462616,-0.025523430442428,-0.0395120212610056,-0.0269738685696326,-0.0239146182424976,-0.0216720308283773,-0.00635088837036289,0.00335627885010057,0.0104304405457635,0.0212063776503361
"burstiness",-0.704385787729878,0.762302967749553,-0.728297110651266,-0.282444672316231,-0.310927183673167,-0.325207572967882,-0.359496816075748,1,0.660672222551267,-0.788637428435898,0.783805174227205,-0.108657661171727,-0.13689532938871,-0.0752296359818701,-0.146120765063381,-0.584170847514654,-0.179117198038435,-0.124390525109939,-0.115068061374678,-0.11964852403847,-0.117669723151192,-0.120142920891858,-0.111410646425449,-0.140825189281283,-0.126718747849685,-0.111298707029293,-0.13138751853885,-0.120341580557171,-0.119456868584548,-0.117842429451725,-0.117165039747432,-0.10827481802432,-0.140310182071969,-0.132434852132122,-0.113581014240844,-0.191491224267944,-0.194189824988076,-0.193999701807586,-0.193157393642139,-0.196384048662102,-0.193784779500218,-0.205242391585635,-0.178815776259984,-0.0595778903131025,-0.169422294135245,-0.170985371073164,-0.171170094745919,-0.168753606698471,-0.170808022207601,-0.169868822726173,-0.183671836742741,-0.162725597252577,-0.0615395684828424,-0.118633786972968,-0.125321241305193,-0.140249550830315,-0.123703018509707,-0.124287453451018,-0.144057910462877,-0.140166316726156,-0.109720815716892,0.0229249293288325,-0.0808054112038061,-0.0953395066248407,-0.108646919870464,-0.1033815521213,-0.102987459522937,-0.127498726347744,-0.133366907004156,-0.107716603700535,0.0230877515664245,-0.158188514669665,-0.159502230915516,-0.16939453372078,-0.169813481696081,-0.167015595354404,-0.169183419880655,-0.176069256785943,-0.179678777625407,-0.200450612911057,-0.165966389224096,-0.16603694141844,-0.172604478441997,-0.178836791769883,-0.194411062905789,-0.206506684054322,-0.225050717694356,-0.254362720995518,-0.295390260197421
"memory",-0.60325725481036,0.629996871739799,-0.669251337772158,-0.162157913707176,-0.178282427760764,-0.184661733234397,-0.200847946392709,0.660672222551267,1,-0.768538099272475,0.759372211182737,-0.0746924348725986,0.044043121389025,-0.0184497555815062,-0.00770882696842927,-0.487839547610314,-0.0220617586925005,-0.0190153564050567,-0.0027609252081459,-0.00357946443649191,0.0109518189211855,0.0183017436332021,0.030950656497782,0.0281204201698271,0.0649301797576605,0.107093870325441,-0.0957834301534544,-0.0790323305930828,-0.0774092153936932,-0.06085002981565,-0.0512639046768915,-0.0372326869594468,-0.0367755847470974,-0.00221220036252005,0.0764981787737379,-0.0445272952707532,-0.0433559921196425,-0.038933476323476,-0.0380792464943942,-0.038518658014265,-0.0347094708548257,-0.0383103860962704,-0.0176575531002327,0.0314065445592989,0.0123070901330936,0.0120636881275649,0.0134631769317373,0.0150970054692448,0.013957848858517,0.0138891520847585,0.00156094746060632,0.014545907110101,0.0314791074763527,-0.0312683740634993,-0.055530377341823,-0.0651486699411893,-0.0661209326163023,-0.0678761969250054,-0.0823703391146678,-0.10368600090891,-0.0450913154089661,0.0394493709694224,-0.0405598898838294,-0.0593423157250677,-0.0639514277498427,-0.068097049653534,-0.0672640856314732,-0.0819966628102299,-0.100025976180909,-0.0425824552386217,0.0395158967614521,-0.0142242575549117,0.00305943388723207,0.0073126697229959,0.013223212755402,0.0234355834615093,0.0285884100220467,0.0296237687891545,0.0261751430407867,0.00148812290449392,0.0474126747107719,0.0545574409363688,0.0464336790870416,0.0433906534797023,0.022220263307756,0.00491432280219409,-0.0162067063743878,-0.051975340896558,-0.0999171568482962
"nstorms",0.899932111336302,-0.851846252232978,0.750642342634309,0.217824148795019,0.246156066914465,0.261999652930831,0.293654880280559,-0.788637428435898,-0.768538099272475,1,-0.984297289746203,0.00439686072866724,0.238434582956208,0.24199086592293,0.346807653391407,0.825321539694353,0.373845395464968,0.19112010846672,0.185914489844118,0.203733134511087,0.198456099385679,0.196845169077791,0.194040101887145,0.232392793578099,0.219091120359534,0.210514352811022,0.164999760040789,0.157435359433962,0.172588994078954,0.167507246083162,0.163987735112344,0.160887013582219,0.200831746964466,0.196963138822261,0.188899734598352,0.409417128237744,0.410908236742927,0.412124238477957,0.410474014656507,0.412411650297829,0.409287641613355,0.407616595189114,0.380409998942322,0.197591733205844,0.375365419003921,0.375807659970546,0.377464134734614,0.373709738064897,0.374927428932224,0.37205068370911,0.372577039253978,0.351847538142392,0.195493201008398,0.246173272773569,0.250237123068654,0.248551107173167,0.230987921891402,0.230248343271175,0.22885877814681,0.18652048463548,0.13852292107738,0.00963006583459037,0.175184432559604,0.189318811388155,0.19430924867332,0.187051002710594,0.186803281179673,0.196869664855807,0.175596766288165,0.134875626454798,0.00950969203234195,0.390474862313312,0.38439382401617,0.387800559427459,0.385595609502811,0.37881308822,0.377013611130214,0.37735982995166,0.37731608243493,0.391416543077672,0.272330850543765,0.279875263303017,0.298085919603345,0.30709999920567,0.326215790576618,0.346826743986996,0.369124032199503,0.408319876778265,0.456933662952792
"mean.antecedent",-0.89332183520796,0.850630302724953,-0.765760186238942,-0.177585982291578,-0.205566643902243,-0.221289216043803,-0.254268165244628,0.783805174227205,0.759372211182737,-0.984297289746203,1,-0.0514047251744496,-0.252180757245642,-0.216218414109374,-0.320608934657358,-0.796912260788881,-0.346235761422653,-0.206709353419413,-0.203048914989693,-0.218919376049024,-0.213753076552897,-0.211058231346105,-0.209251781044861,-0.246371512917566,-0.229363694422572,-0.219126455480359,-0.181511289031378,-0.176154088194263,-0.189534758407287,-0.184250757389908,-0.178646561256091,-0.176705695132773,-0.217444368805174,-0.210142332115062,-0.197575350869443,-0.378253554309294,-0.379554555183739,-0.38095601489777,-0.37913647584036,-0.381137659815439,-0.376662596097236,-0.380203947276586,-0.352262000390681,-0.1858849690342,-0.342956040792206,-0.343483945376861,-0.345360672361065,-0.341838128106102,-0.343252551757938,-0.340088774437783,-0.346730240271118,-0.326338908396413,-0.183939407146291,-0.226180014847694,-0.235915580778584,-0.241379288667402,-0.227659857751189,-0.227836235734889,-0.22901547256852,-0.192173329548635,-0.149171949495119,-0.00993866146045996,-0.16798665595269,-0.18577247962024,-0.195966427424584,-0.191649923922794,-0.192206565875041,-0.203334132836647,-0.182693118746356,-0.146094687542967,-0.00990632922171717,-0.358450206019609,-0.352363092773533,-0.355962306978157,-0.353852755398231,-0.346311498256438,-0.344798355034387,-0.345680629466093,-0.3488051681434,-0.366253575649237,-0.281314197988644,-0.287693656727355,-0.303978978747879,-0.313572196498058,-0.333862556028678,-0.354727632184376,-0.377239891855691,-0.416494911593269,-0.463228901566411
"mean.duration",0.165111766502418,-0.259936038869723,0.532721184952389,-0.37679220969997,-0.355507901431675,-0.343428173725452,-0.295023924457664,-0.108657661171727,-0.0746924348725986,0.00439686072866724,-0.0514047251744496,1,0.422696444149639,-0.516023062343694,-0.339833803067264,-0.156850692114042,-0.203970651906155,0.388600345679598,0.402853423626279,0.401578406045219,0.402483140120868,0.400162762713236,0.397271432740289,0.386112415746883,0.393285739842014,0.382962377398012,0.32236753049819,0.346988898586578,0.345634528484278,0.350870035784263,0.349650406432449,0.353566693234239,0.353910867973628,0.372505867847091,0.390390648468989,-0.422862814221701,-0.420998172782403,-0.414051592571416,-0.413618132660789,-0.408128972914301,-0.402949700358399,-0.347311310550865,-0.32757938644105,-0.19170793937838,-0.442236434762947,-0.434766665148835,-0.422694373400606,-0.418045225103003,-0.410237738373677,-0.398254889735115,-0.328382816080093,-0.301912310335409,-0.182858570496734,-0.400736435055574,-0.345183453734983,-0.274523750673025,-0.243660264307065,-0.218190647651703,-0.169087523524385,-0.0650672326819402,-0.0683101392414552,-0.0715867643195336,-0.276200800811486,-0.229694367584144,-0.17288583217156,-0.154395350525207,-0.136468736626592,-0.108772793582061,-0.0489058972194846,-0.06211607820079,-0.0715270121153322,-0.424991272667379,-0.433660878725755,-0.434511437941091,-0.436891522448455,-0.435256371362751,-0.428351362644968,-0.416316048493558,-0.394466939208435,-0.349079065420453,0.406022629168256,0.399137560558596,0.380103068555216,0.372164493763035,0.367598585212897,0.354807972412801,0.344300893784044,0.326201017296367,0.305175446623108
"mean.depth",0.574477413772593,-0.476532764187818,0.264153081557267,-0.179613488041218,-0.150050027579441,-0.130148615160694,-0.0643486621091399,-0.13689532938871,0.044043121389025,0.238434582956208,-0.252180757245642,0.422696444149639,1,0.316514854401066,0.584231500490336,0.517654511271067,0.657157285941905,0.874309262854023,0.895837819156055,0.916265710921001,0.923755181666293,0.924605341832476,0.933545068088807,0.950108874595454,0.948476340510975,0.896421961332121,0.661440194081353,0.700647421563839,0.72897740465175,0.752108608728176,0.758462422329402,0.782000853583352,0.846673158097736,0.880984764645701,0.909200193905028,0.527261410543216,0.52300116714481,0.521618989683143,0.515731017528194,0.516580974745018,0.512121218838154,0.508168949375824,0.484448067263554,0.253117040007231,0.488981335978718,0.484916488915084,0.483835233825746,0.478583606667422,0.479762925083437,0.476666223426238,0.475377906456042,0.45859774668315,0.247655959816772,0.218005319793221,0.200522332355782,0.201975523546852,0.169009776001881,0.169184273967909,0.154829357354353,0.0846875664009901,0.0563259201674141,0.0504633229609063,0.19956546596695,0.188214587371566,0.193964699323135,0.164251901477003,0.167162163104755,0.156638200772109,0.0949738697890777,0.0617064677501345,0.0505833134160472,0.537663474505116,0.523800086093479,0.516976161805099,0.508431153561246,0.500532287314682,0.495029537949441,0.489243452136409,0.480771431392565,0.476211448367858,0.937890006654357,0.920375830475317,0.905986169394227,0.896414521426359,0.876192338244151,0.857679353370527,0.835374084845154,0.811027825667388,0.78706760051906
"mean.intensity.avg",0.313253670004067,-0.165739209174447,-0.200634012405671,0.210849465219078,0.215927443027917,0.220474394671238,0.23112761197862,-0.0752296359818701,-0.0184497555815062,0.24199086592293,-0.216218414109374,-0.516023062343694,0.316514854401066,1,0.848044954777847,0.548938014660501,0.643446138615279,0.292487011144582,0.289332011509252,0.295486430786299,0.303109003197468,0.304761602412875,0.313113300376684,0.323998189148466,0.306881934892914,0.272929684295808,0.229577200892321,0.233644275040709,0.247028068157244,0.263930304702336,0.267222825528024,0.278212879222836,0.308573290311738,0.305053905219098,0.29066484762989,0.797299451726461,0.79987980571462,0.800601222383499,0.806950176319899,0.804895455799181,0.804848319955399,0.766475108372605,0.730086523792242,0.410203455455124,0.824643391504131,0.821620688866387,0.817118952935494,0.818194821845222,0.813795530248742,0.807113795682255,0.752864627694331,0.710166182655718,0.403853702936009,0.792851574442654,0.752839219780953,0.711708574504042,0.671739738152751,0.653299675741459,0.601484227040215,0.429246634559597,0.368601846336211,0.193281352844615,0.76604805906914,0.720128107437059,0.681265534951568,0.642254215382297,0.625165296453661,0.582824756333862,0.425882807506883,0.366798835635184,0.193293179389627,0.789690995325902,0.800566689393051,0.80635338227125,0.809559285954841,0.814707920646503,0.816019008643069,0.818033822547791,0.812520302256659,0.795101348548013,0.290400765181597,0.283006823955531,0.295053074007633,0.296570673108725,0.286926191674228,0.284573177100536,0.279820403712585,0.277073868403259,0.276709568890728
"mean.intensity.max",0.499675223189192,-0.319052035803288,-0.0576104353129375,0.194692308331348,0.214223558913756,0.2270405426683,0.259190500563391,-0.146120765063381,-0.00770882696842927,0.346807653391407,-0.320608934657358,-0.339833803067264,0.584231500490336,0.848044954777847,1,0.759105835888681,0.941073961677371,0.523254751422419,0.53419302510897,0.548124269207735,0.553448722079712,0.555912359728626,0.566312430441868,0.581034561572916,0.564558744766265,0.51180054389302,0.407873633397648,0.430516039130145,0.452666387909505,0.470351570643945,0.477504950366715,0.49683159966425,0.54335348113696,0.55020586699235,0.536700054444823,0.929559630412904,0.932918535340135,0.935185504188301,0.93739584365597,0.935839755535713,0.935314577924169,0.906758515600163,0.86325200178409,0.446402304730669,0.950001023824128,0.947766528727847,0.944918505414746,0.942376444048118,0.938142718390725,0.930541372764783,0.885400631260406,0.83787936826131,0.438991493231986,0.63356143625854,0.587041688258868,0.539857338977907,0.484249772814986,0.464955182017686,0.41997730325617,0.268291478404453,0.229103820302246,0.141876212577647,0.541257739740234,0.507164688551864,0.473771876013497,0.42690979013874,0.413446248907369,0.384823817742357,0.265748206226031,0.22902559671861,0.141931905673632,0.933520989671906,0.940278191841827,0.944607799856702,0.945879094013067,0.94778529965685,0.948286303045238,0.947195531995407,0.940087414264784,0.918377571257384,0.545301744938823,0.53461974952221,0.538959178193075,0.536176264069759,0.520347852435723,0.513588315583371,0.502555796352208,0.497193664727526,0.493956832010355
"total.diff.max.avg.intensity",0.883904165962654,-0.729510576765046,0.466434296275514,0.269897759113334,0.302025341298264,0.32195766503048,0.368022082838973,-0.584170847514654,-0.487839547610314,0.825321539694353,-0.796912260788881,-0.156850692114042,0.517654511271067,0.548938014660501,0.759105835888681,1,0.797438016259391,0.447246382322672,0.44940762988992,0.472238955576196,0.469139098929768,0.469933403106699,0.472099163021823,0.50671730091817,0.491203279947814,0.458516657515752,0.355660928944384,0.363171241525685,0.389427178693881,0.392846881384525,0.395312973690728,0.402851224324622,0.458189362209399,0.464001583400374,0.459248019192863,0.773031501055477,0.775319033900579,0.778858901912554,0.777232459416437,0.777888016274278,0.776062336559207,0.765239897678789,0.730203921761001,0.378182202685809,0.756803465042711,0.755782932425072,0.756619988632748,0.751199120144077,0.749880960931935,0.744614632247393,0.725509292305966,0.69209506960851,0.371070144388668,0.460721982768639,0.434516324555053,0.400461170402825,0.355209871915635,0.338729305185856,0.304603769746984,0.179249399056353,0.123891629924832,0.0244733598224987,0.340679698561617,0.331473546681206,0.313091623632921,0.28192219311212,0.271269867130479,0.255643145615371,0.171434056655512,0.122360824188265,0.0244489241407495,0.765586037170698,0.764499880990935,0.767352159321528,0.765407119806575,0.759786348218132,0.758162603287507,0.755128010656507,0.749540668692281,0.744587009223882,0.521986193555053,0.518997664925183,0.529516735453445,0.531672862338847,0.533048292532733,0.542608906199404,0.550311871948785,0.57196071459729,0.600506822547493
"mean.diff.max.avg.intensity",0.553160301833742,-0.375085639029507,0.0400941274240865,0.185851244538252,0.21122642799709,0.227723669169501,0.269670839683323,-0.179117198038435,-0.0220617586925005,0.373845395464968,-0.346235761422653,-0.203970651906155,0.657157285941905,0.643446138615279,0.941073961677371,0.797438016259391,1,0.58433036554662,0.598741804056307,0.617477232126125,0.618776019118912,0.620708061993437,0.630324527380595,0.643694981028984,0.630934956298695,0.57772431806712,0.454781671741712,0.4818437954542,0.50796480518819,0.521874994147471,0.529420018065001,0.550456961484387,0.598258957776555,0.610167072023586,0.602979868486304,0.882270822844354,0.885491665885166,0.887644849544101,0.886401291022013,0.884796006292679,0.883806121815004,0.860953600677528,0.815906559878138,0.395267359772563,0.890933310289545,0.889105309566002,0.886711502473024,0.881423812546343,0.877532099367516,0.870119043707533,0.832493772519079,0.785353367935665,0.387020746569556,0.458878791549096,0.410708777739293,0.363394370745268,0.304927299741968,0.284414901129824,0.245298353640867,0.108149549469677,0.0699130518934118,0.0329770289491238,0.339461511246464,0.312128643569741,0.283804485352574,0.236547811217758,0.223778363321895,0.203421101719173,0.106959273295896,0.0710776692146856,0.0330699249323687,0.888396273162907,0.89228745465653,0.894970117376027,0.894108188246365,0.892411020513407,0.89133692682358,0.885106819377185,0.873618991627709,0.851889584352873,0.620161963295082,0.608268445222201,0.606216318603071,0.600386179633388,0.582410389919584,0.574865982662101,0.562910085744902,0.55834630499309,0.556017251570161
"pcnt.stormdepth.depth.over.4.5mm",0.480313062832943,-0.415773887044067,0.213307602330441,-0.18610889695974,-0.155281957738685,-0.136344962381948,-0.0721785281255797,-0.124390525109939,-0.0190153564050567,0.19112010846672,-0.206709353419413,0.388600345679598,0.874309262854023,0.292487011144582,0.523254751422419,0.447246382322672,0.58433036554662,1,0.955219388177152,0.919535231468128,0.898637615209282,0.886107323981062,0.871510627064263,0.814839792931218,0.781477250088937,0.688504275726579,0.922047030244472,0.900889525322952,0.882576721305906,0.87274010462156,0.864389782398241,0.86073680118389,0.838583484331972,0.824218497736855,0.756165577865082,0.456151605562624,0.447581393900302,0.444391335811894,0.437342876717742,0.435793272580243,0.432605610607096,0.422679732967711,0.404597324547756,0.20188129239792,0.413288146170159,0.404587529676305,0.402099314546417,0.396202366794377,0.3954490597227,0.394193423568602,0.389157479486775,0.377173969622706,0.196993328100468,0.198461222421621,0.176378601041452,0.180301420330763,0.146113279533622,0.14333161439401,0.121830343389142,0.0489351901540451,0.032741997195316,0.04893331732405,0.191498210720401,0.171325224498125,0.176649037210401,0.143823676961515,0.143164935082814,0.123122956066182,0.0577899470650897,0.0371258701683145,0.0490770239027106,0.462742569919,0.448332127329047,0.438987989272442,0.429192732159175,0.418806388047089,0.410211806799067,0.402190798347309,0.394563851600536,0.388433135581453,0.744430915360553,0.716691086661008,0.698189609670428,0.688419954589039,0.67055292134322,0.655764839941403,0.642095708609021,0.624802062171434,0.610894921048991
"pcnt.stormdepth.depth.over.5mm",0.483003993115952,-0.418633955520139,0.212323375743709,-0.189720238953948,-0.158661036954221,-0.139682134354131,-0.0750244277276112,-0.115068061374678,-0.0027609252081459,0.185914489844118,-0.203048914989693,0.402853423626279,0.895837819156055,0.289332011509252,0.53419302510897,0.44940762988992,0.598741804056307,0.955219388177152,1,0.959549172296876,0.934462316383913,0.91988399472695,0.900771639108394,0.844075082049556,0.805636441180322,0.709527887153314,0.843760588626176,0.925137710589191,0.905149440132702,0.894832870049094,0.885864253580693,0.878360424736488,0.860095414825027,0.841825142911788,0.775638632276131,0.462577173871005,0.458225004559089,0.454782537699428,0.446267310718771,0.444952481327064,0.44070926609219,0.43374759813811,0.410446994140838,0.208190097686812,0.420641559657234,0.416605110920364,0.414146698624842,0.406927114164057,0.406291087512084,0.404146867992362,0.401007264052021,0.384356882607073,0.203840083109645,0.191545591118949,0.194166027948617,0.195066424831745,0.156626224970638,0.1528038000642,0.134519385180486,0.0611289114425973,0.0382434006545224,0.0568303570356417,0.181225304613532,0.190783810426359,0.193186074740396,0.157233729475583,0.155771003426072,0.137863004736187,0.0706201171440864,0.0428663251578536,0.0569686776108999,0.47129546790172,0.457009844505809,0.448170438393512,0.438827478051462,0.42877992651128,0.419373066178049,0.411111660993858,0.406364046655551,0.400031502899031,0.765416135564845,0.738223385870652,0.719446839968446,0.710376361867122,0.692013498182687,0.676382107899572,0.659909860841213,0.642114294467178,0.626510706474098
"pcnt.stormdepth.depth.over.5.5mm",0.507815280735729,-0.440483043246579,0.223288064693148,-0.182741514335994,-0.152694928111111,-0.133622414719558,-0.0653273103838753,-0.11964852403847,-0.00357946443649191,0.203733134511087,-0.218919376049024,0.401578406045219,0.916265710921001,0.295486430786299,0.548124269207735,0.472238955576196,0.617477232126125,0.919535231468128,0.959549172296876,1,0.972822008365199,0.95705052687706,0.936519388331827,0.869766862235031,0.835621184567037,0.737924227251198,0.783208983417051,0.855135994717164,0.921144651670833,0.911589965980752,0.902488931551646,0.898762136920191,0.875639443049929,0.864883796182198,0.802389997089407,0.481384740122083,0.477229001154801,0.475020319237888,0.465154141446577,0.463275176754111,0.458166940917901,0.454597732936769,0.429117065545016,0.220870963948846,0.438681231677105,0.434685378064778,0.433235149103766,0.424684336123555,0.423415046288507,0.420253584645708,0.420874188584154,0.401873813502403,0.215755032004379,0.194433384118372,0.189512105023028,0.194662101794261,0.157765516762027,0.154891237842321,0.134041901667444,0.0649635157871974,0.0394590137939481,0.061016245465909,0.177536315319279,0.178015388923532,0.189086883704537,0.154325071276006,0.154570352062929,0.135769464045363,0.075036647033238,0.0442731414809603,0.0611612287434445,0.49182787439419,0.477493993777754,0.468638826474182,0.459153567766906,0.448354772919073,0.439224232705591,0.430848515288709,0.421880349871213,0.41889239060146,0.79322723043381,0.764882215056029,0.746738899928984,0.736751793933513,0.716984448830254,0.699495422944968,0.680799111594539,0.662063165730912,0.644971138321379
"pcnt.stormdepth.depth.over.6mm",0.506692092239299,-0.435253744352901,0.218154448303365,-0.177372691800349,-0.148614445921476,-0.12998729690317,-0.0625390250397265,-0.117669723151192,0.0109518189211855,0.198456099385679,-0.213753076552897,0.402483140120868,0.923755181666293,0.303109003197468,0.553448722079712,0.469139098929768,0.618776019118912,0.898637615209282,0.934462316383913,0.972822008365199,1,0.984547956755367,0.95987071713991,0.885505119105391,0.850463001070916,0.747556197208858,0.744150537080263,0.809886481297821,0.869503838304098,0.924081528192035,0.917010264687497,0.910461114654513,0.886980127466552,0.876529076619439,0.809724451474716,0.483611977298903,0.479468733052554,0.477626301506347,0.469696290583271,0.468359509235307,0.462828000412477,0.461528201550601,0.433042736891056,0.219560866106385,0.442261805153939,0.438267233273207,0.437453457584068,0.430513761832573,0.429479564442143,0.42588448385785,0.427931062795082,0.406389187724401,0.214515957070987,0.198448638069225,0.190791142985951,0.19394442771526,0.166650186385975,0.164373025324094,0.14513686785785,0.0758252983183186,0.0479386553092188,0.062968348147382,0.181945860844856,0.176043746144642,0.18549304750495,0.162795877398425,0.164896618043392,0.14669286621026,0.0856699503852565,0.0526362601561565,0.0630840345843062,0.4939435788166,0.479036660965559,0.471444114852781,0.462118866389677,0.451735085474891,0.443458712418052,0.434478987107648,0.425974289609309,0.423424388075244,0.804667194705242,0.773512561588026,0.755677462242615,0.745339284512136,0.722806279997222,0.706563282889583,0.68761671913059,0.667709224063901,0.650079898497853
"pcnt.stormdepth.depth.over.0.25in",0.507348316219153,-0.434585652135862,0.215734668025323,-0.180051012729365,-0.15167933190447,-0.133482183582312,-0.0687645049697343,-0.120142920891858,0.0183017436332021,0.196845169077791,-0.211058231346105,0.400162762713236,0.924605341832476,0.304761602412875,0.555912359728626,0.469933403106699,0.620708061993437,0.886107323981062,0.91988399472695,0.95705052687706,0.984547956755367,1,0.971985966229525,0.892327026001046,0.859496793608942,0.748463873228113,0.723499801683304,0.785156065255872,0.842699142038637,0.896085557713017,0.925398574077743,0.91689403343773,0.889909552153273,0.883820603860668,0.811010816543787,0.486339977253133,0.481669134477709,0.480137093486181,0.471421962677492,0.470787174905109,0.464845570811417,0.46314221588108,0.436292843035273,0.219919007724771,0.444885833556245,0.440512925073057,0.440094277932232,0.432598886474784,0.432391440868223,0.428607097582381,0.429634445242062,0.409639108717006,0.215197370810126,0.196097191641273,0.185821672800672,0.189711572243829,0.163073500391423,0.163242765888274,0.148512514599274,0.0757127563671798,0.0499974001556687,0.0597120752470958,0.177455067640649,0.167552977257824,0.178515516731451,0.157331746029687,0.163226577894758,0.149143332626566,0.0850131228566596,0.0545899946106877,0.0598475082175937,0.496966581891508,0.482469602062037,0.474964089660858,0.465140672276826,0.454110356708067,0.445865476172633,0.436387840238419,0.427817921872572,0.426442515255825,0.806355765697268,0.775544421140808,0.757891703528357,0.747252392948602,0.725298979718525,0.708509857569895,0.68855482251381,0.667612628585162,0.648855899704542
